20
0 15 0 9 9 3 16 18 8 3 0 10 0 16 10 18 13 2 12 13 
7 0 7 11 13 1 11 7 17 0 16 19 12 14 7 9 4 2 12 11 
8 0 3 6 16 6 16 16 14 4 19 15 4 6 8 17 3 15 4 5 
11 16 16 10 12 6 9 19 5 0 17 3 2 8 19 6 11 0 17 3 
7 12 2 3 19 10 10 17 16 13 10 12 14 14 11 19 9 15 15 19 
3 13 1 10 16 5 8 17 15 14 0 15 18 5 12 9 15 9 7 17 
8 6 17 19 8 15 16 16 15 3 12 17 0 8 10 16 4 17 19 17 
18 10 9 8 9 4 2 5 10 7 5 12 10 2 5 6 14 14 19 19 
9 3 0 17 14 2 15 13 15 0 8 17 1 17 8 6 5 5 15 15 
18 3 8 9 12 3 11 16 4 1 13 14 9 6 19 19 14 2 12 5 
17 11 13 5 12 14 6 9 14 11 11 19 4 1 10 2 4 2 14 15 
9 8 13 15 1 2 2 11 16 17 10 17 6 14 12 17 14 14 14 9 
15 3 14 1 3 15 5 10 15 2 19 18 15 16 3 5 2 7 4 18 
7 19 4 19 1 4 16 13 9 4 5 15 2 0 5 2 5 18 16 17 
17 13 17 1 0 13 8 4 4 2 14 18 1 3 2 16 11 1 10 13 
3 6 13 9 13 19 3 4 4 1 8 7 9 3 8 5 1 18 14 8 
10 15 18 8 8 5 9 13 0 11 0 1 13 0 12 9 17 11 8 8 
10 18 0 16 17 13 12 8 18 16 16 1 6 1 18 13 1 14 8 16 
4 11 12 9 11 15 14 9 2 9 13 11 17 17 12 4 15 11 14 15 
19 6 3 3 2 13 6 11 4 2 7 7 7 16 6 6 12 15 9 0 
1839 
1822 
1792 
1609 
2626 
2138 
2368 
1951 
1843 
1918 
1665 
2312 
1817 
1739 
1518 
1510 
1601 
2020 
2293 
1612 
